1 8 13 14 16 18 19 28 29 31 35 36 38 39 40 41 45 46 47 49 58 59 62 66 68 72 77 86 91 92 94 95 101 111 112 119

2 3 21 33 34 37 104 108 134 138 142 153 154 158 159

4 5 10 11 12 23 42 43 78 97 100 109 110 139 157 174

6 9 15 17 20 24 25 30 44 48 69 74 80 82 89 90 96 113 116 118 135

7 22 26 27 32 51 57 63 65 71 75 76 79 81 87 88 93 99 103 106 107 115 117

50 52 53 54 55 56 60 61 64 67 70 73 84 85 98 102 114

83 105 122 143 150

120 121 127 129 145 148 151 162 163 166 167 171 172

123 124 128 130 132 133 136 141 144 161 165 176 178

125

126 152

131 137 140 146 149 155 156 169 170 177

147 164 168 173 175

160